-3.435214233398437500e+02
1.437481567382812500e+03
1.063656005859375000e+03
1.333314819335937500e+03
1.008164978027343750e+03
-1.891288452148437500e+02
1.353706176757812500e+03
1.453394653320312500e+03
1.436864624023437500e+03
-3.521478652954101562e+01
6.971847534179687500e+02
2.484602539062500000e+03
-4.208723754882812500e+02
8.085967407226562500e+02
-2.829127929687500000e+03
2.778285400390625000e+03
-1.458876953125000000e+02
1.335009277343750000e+03
1.233718750000000000e+03
1.259003662109375000e+03
-5.905971069335937500e+02
-2.127906799316406250e+02
2.711725341796875000e+03
2.929556640625000000e+03
2.092828125000000000e+03
-3.033708381652832031e+01
2.432392822265625000e+03
7.572879638671875000e+02
2.026376220703125000e+03
2.375556152343750000e+03
-2.301255950927734375e+02
-1.151399707794189453e+01
2.037070800781250000e+03
3.635110351562500000e+03
1.774948730468750000e+03
2.685338134765625000e+03
1.023267272949218750e+03
7.014184474945068359e+00
2.570522216796875000e+03
2.224131591796875000e+03
1.772137695312500000e+03
1.109945312500000000e+03
3.128758239746093750e+02
6.214844360351562500e+02
1.583216796875000000e+03
1.055775756835937500e+03
1.224488037109375000e+03
1.604495483398437500e+03
1.216838134765625000e+03
1.377422119140625000e+03
1.147365844726562500e+03
1.036362060546875000e+03
-2.601561784744262695e+00
1.710109558105468750e+02
1.381937622070312500e+03
4.304437500000000000e+03
1.181866455078125000e+03
8.648912353515625000e+02
3.930708251953125000e+03
3.473119812011718750e+02
1.116164794921875000e+03
2.410504394531250000e+03
7.403527221679687500e+02
2.470283203125000000e+02
-1.532928619384765625e+02
5.060282897949218750e+02
2.932114501953125000e+03
1.778408935546875000e+03
1.374511596679687500e+03
3.787059570312500000e+03
6.363269653320312500e+02
6.200687255859375000e+02
9.814493560791015625e+01
-5.105133972167968750e+02
-7.172568359375000000e+02
3.665060043334960938e+01
1.231877319335937500e+03
2.457363769531250000e+03
3.180486328125000000e+03
2.587326171875000000e+03
2.951089355468750000e+03
1.215756103515625000e+03
2.141862304687500000e+03
1.135491455078125000e+03
2.350844726562500000e+03
-2.917564086914062500e+02
1.832098876953125000e+03
-8.754627685546875000e+02
1.277408447265625000e+03
1.736897827148437500e+03
-1.037044433593750000e+03
4.269441528320312500e+02
2.893132812500000000e+03
4.880215148925781250e+02
1.717625366210937500e+03
-9.454904174804687500e+02
6.911643676757812500e+02
2.435996826171875000e+03
-3.586235046386718750e+02
-1.160029830932617188e+02
-1.899251174926757812e+01
1.419654052734375000e+03
2.553769836425781250e+02
1.342367797851562500e+03
1.706319580078125000e+03
-5.508948974609375000e+02
8.340943603515625000e+02
1.495162841796875000e+03
1.568741699218750000e+03
1.003115478515625000e+03
-1.176167602539062500e+02
-8.628116607666015625e+01
1.911076171875000000e+03
1.122536621093750000e+03
1.369779785156250000e+03
1.037079956054687500e+03
2.794912109375000000e+03
1.474689575195312500e+03
1.506852783203125000e+03
2.043307373046875000e+03
1.855488647460937500e+03
6.147885742187500000e+02
-6.250789184570312500e+02
2.676378662109375000e+03
1.058141235351562500e+03
6.510404663085937500e+02
-8.570614013671875000e+02
-3.622869262695312500e+02
-2.312379302978515625e+02
1.181308837890625000e+03
-1.566506713867187500e+03
1.761818603515625000e+03
1.530891967773437500e+03
4.849898681640625000e+02
2.199051513671875000e+03
-5.463605957031250000e+02
5.869724731445312500e+02
3.984327636718750000e+03
3.880182189941406250e+02
1.122399536132812500e+03
1.860807189941406250e+02
1.430538574218750000e+03
5.745818481445312500e+02
3.419503906250000000e+03
-1.621120483398437500e+03
1.200851318359375000e+03
-2.154546051025390625e+02
2.078769042968750000e+03
1.074718750000000000e+03
3.687793579101562500e+02
-1.598595825195312500e+03
1.004691955566406250e+03
4.722163574218750000e+03
1.704474731445312500e+03
9.989163208007812500e+02
6.597137451171875000e+02
-2.293705291748046875e+02
-5.186007080078125000e+02
-4.546992492675781250e+02
1.427381835937500000e+03
1.140373535156250000e+03
-1.444084777832031250e+02
1.921511840820312500e+03
6.362216186523437500e+02
3.361484985351562500e+02
9.069771118164062500e+02
-1.649127578735351562e+01
1.030280761718750000e+03
2.064221191406250000e+03
1.981688385009765625e+02
-9.921951904296875000e+02
-1.012737609863281250e+03
-8.688326416015625000e+02
8.497949218750000000e+02
2.360988525390625000e+03
-1.549311218261718750e+02
7.472563934326171875e+01
1.656455932617187500e+03
1.900597900390625000e+03
2.426074951171875000e+03
-4.912077636718750000e+02
2.157739501953125000e+03
2.297743652343750000e+03
5.801964721679687500e+02
1.112788574218750000e+03
1.099030883789062500e+03
-2.071539764404296875e+02
8.851652832031250000e+02
-9.990361938476562500e+02
9.423291015625000000e+02
1.258247802734375000e+03
7.236181030273437500e+02
1.021129516601562500e+03
1.246062988281250000e+03
1.953754272460937500e+03
-5.548579101562500000e+02
-2.540684082031250000e+03
3.464320312500000000e+03
4.471893615722656250e+02
1.529682495117187500e+03
-3.094805603027343750e+02
-3.155380725860595703e+00
7.920394287109375000e+02
2.143287353515625000e+03
-5.048478393554687500e+02
-1.913775482177734375e+02
1.041732177734375000e+03
1.652907348632812500e+03
6.565412597656250000e+02
1.872846557617187500e+03
2.613909667968750000e+03
1.175801757812500000e+03
7.068917083740234375e+01
1.392029052734375000e+03
-9.389474868774414062e+00
2.270162597656250000e+03
-2.366980133056640625e+02
1.033431152343750000e+03
2.552449462890625000e+03
1.189932617187500000e+03
7.657196044921875000e+02
-1.108620605468750000e+02
1.336131835937500000e+03
-1.073479003906250000e+03
3.407963623046875000e+03
4.691171264648437500e+02
-3.757197141647338867e+00
1.609998168945312500e+03
-7.296430053710937500e+02
-2.203300323486328125e+02
-6.765283203125000000e+02
9.185766601562500000e+02
1.097076049804687500e+03
9.390031738281250000e+02
-2.068302001953125000e+03
3.082185363769531250e+02
3.510290039062500000e+03
6.933024291992187500e+02
8.462028808593750000e+02
7.578227539062500000e+02
1.690007324218750000e+03
2.429642578125000000e+03
1.166282836914062500e+03
7.749478759765625000e+02
1.526830444335937500e+03
5.589977416992187500e+02
2.061282470703125000e+03
1.613968261718750000e+03
-7.731627197265625000e+02
1.875287231445312500e+03
2.868245605468750000e+03
1.284431396484375000e+03
2.968429199218750000e+03
1.330534179687500000e+03
-1.057106552124023438e+02
2.241967773437500000e+03
-5.501764526367187500e+02
3.557215881347656250e+02
1.640498779296875000e+03
-6.916873779296875000e+02
1.321260498046875000e+03
1.854339843750000000e+03
2.387236572265625000e+03
2.498669189453125000e+03
8.057458496093750000e+02
1.475114379882812500e+03
1.207086059570312500e+03
6.662053833007812500e+02
8.340850830078125000e+02
1.437862915039062500e+03
-1.811075073242187500e+03
8.184898376464843750e+01
2.715820556640625000e+03
4.402940917968750000e+03
-5.067017211914062500e+02
-2.841398620605468750e+02
-1.107083862304687500e+03
3.065004394531250000e+03
4.155714111328125000e+02
1.266510986328125000e+03
2.198385498046875000e+03
1.918043823242187500e+03
8.163179931640625000e+02
1.150770019531250000e+03
7.143399658203125000e+02
1.683467163085937500e+03
-6.422981567382812500e+02
9.997990722656250000e+02
2.006436401367187500e+03
-1.617319580078125000e+03
1.000006835937500000e+03
1.510397216796875000e+03
2.401214355468750000e+03
5.197856445312500000e+02
1.445890747070312500e+03
2.558210693359375000e+03
1.327243164062500000e+03
6.339843750000000000e+02
3.858453857421875000e+03
-6.689183349609375000e+02
4.231400756835937500e+02
1.008811767578125000e+03
2.188235839843750000e+03
7.295250244140625000e+02
-1.432588256835937500e+03
-1.253476562500000000e+03
3.047759765625000000e+03
2.923084716796875000e+03
1.782234008789062500e+03
7.962473144531250000e+02
1.449908203125000000e+03
1.261084472656250000e+03
3.540781494140625000e+03
1.509053344726562500e+03
9.774369506835937500e+02
1.101257446289062500e+03
-1.059606933593750000e+03
1.654811279296875000e+03
-7.295773925781250000e+02
1.006384521484375000e+03
-3.603371429443359375e+01
9.611128807067871094e+00
1.092233398437500000e+03
4.791214294433593750e+02
1.543467651367187500e+03
1.738561401367187500e+03
2.234565277099609375e+02
-2.894145812988281250e+02
-9.835411071777343750e+01
1.611297363281250000e+03
2.325761474609375000e+03
-1.441796264648437500e+03
2.084994384765625000e+03
-2.602945861816406250e+02
8.258391113281250000e+02
1.908906738281250000e+03
1.661121337890625000e+03
1.607037963867187500e+03
-7.568140258789062500e+02
2.387536621093750000e+03
-3.075403747558593750e+02
1.962990722656250000e+03
2.809085937500000000e+03
-1.343167968750000000e+03
1.133428344726562500e+03
1.624967285156250000e+03
-3.754774093627929688e+01
2.316820312500000000e+03
-4.034777164459228516e+00
7.145078735351562500e+02
1.400042846679687500e+03
6.537105712890625000e+02
2.560347167968750000e+03
7.767465972900390625e+01
9.319656982421875000e+02
2.707342529296875000e+02
2.967108764648437500e+02
1.997999633789062500e+03
1.813378051757812500e+03
3.377810668945312500e+02
1.467342163085937500e+03
1.249742187500000000e+03
1.746577514648437500e+03
-8.222011108398437500e+02
-2.427375488281250000e+03
2.147191406250000000e+03
2.016014770507812500e+03
1.087622558593750000e+03
3.863262634277343750e+02
1.141667724609375000e+03
1.163046508789062500e+03
-2.352174987792968750e+02
1.372025756835937500e+03
1.388384033203125000e+03
7.667604980468750000e+02
8.487619628906250000e+02
6.634421997070312500e+02
6.541768188476562500e+02
1.285777465820312500e+03
-4.719272155761718750e+02
1.044210128784179688e+02
1.540865356445312500e+03
1.194864990234375000e+03
8.346028442382812500e+02
9.004491577148437500e+02
3.383270568847656250e+02
9.791375732421875000e+02
2.536416992187500000e+03
4.865543518066406250e+02
1.384467651367187500e+03
1.747291137695312500e+03
2.541677490234375000e+03
-1.771679229736328125e+02
2.655932373046875000e+03
1.582834838867187500e+03
-1.225513076782226562e+01
6.747147827148437500e+02
1.230445434570312500e+03
1.642706298828125000e+02
-6.054497680664062500e+02
-8.709088134765625000e+02
1.869588012695312500e+03
5.888367919921875000e+02
-2.386226959228515625e+02
1.971956787109375000e+03
8.247321166992187500e+02
2.991743652343750000e+03
1.298203247070312500e+03
-2.730314941406250000e+02
3.481691406250000000e+03
3.040257080078125000e+03
1.069763061523437500e+03
3.375116882324218750e+02
2.223838378906250000e+03
1.242439208984375000e+03
1.040471069335937500e+03
6.701702270507812500e+02
-2.538893699645996094e+01
2.951291015625000000e+03
-8.873416900634765625e+01
1.256585327148437500e+03
2.261457519531250000e+03
-1.782940063476562500e+03
9.895390014648437500e+02
1.283290527343750000e+03
3.034476806640625000e+03
9.722343750000000000e+02
2.062110107421875000e+03
6.437970581054687500e+02
-6.081830444335937500e+02
-1.891537170410156250e+02
-1.202849609375000000e+03
5.523377685546875000e+02
2.857433837890625000e+03
1.589672119140625000e+03
4.547022399902343750e+02
6.101213378906250000e+02
-1.131019531250000000e+03
-7.366571044921875000e+02
1.519299316406250000e+03
1.861329956054687500e+03
2.088045166015625000e+03
1.837441864013671875e+02
2.200473632812500000e+03
1.101749023437500000e+03
1.319911376953125000e+03
2.589114257812500000e+03
2.013120361328125000e+03
1.419602539062500000e+03
2.365389648437500000e+03
-1.117060668945312500e+03
3.043000732421875000e+03
2.526206054687500000e+03
2.509357666015625000e+03
1.130268188476562500e+03
-1.010433837890625000e+03
2.493299560546875000e+03
1.735717651367187500e+03
-1.660789672851562500e+03
1.058860473632812500e+03
1.334114257812500000e+03
1.455726074218750000e+03
2.893159484863281250e+01
3.027567291259765625e+01
8.658596191406250000e+02
5.065260925292968750e+02
-4.005664978027343750e+02
9.597809448242187500e+02
1.264295654296875000e+03
9.709249267578125000e+02
1.151407226562500000e+03
-1.203637161254882812e+02
2.263284912109375000e+03
1.732477539062500000e+03
1.204859130859375000e+03
1.679630615234375000e+03
-7.076948852539062500e+02
1.149023681640625000e+03
1.345023803710937500e+03
1.656489410400390625e+02
1.636508544921875000e+03
2.230695800781250000e+03
1.039973388671875000e+03
1.472615356445312500e+03
5.719393920898437500e+02
1.992494506835937500e+03
2.880083618164062500e+02
1.730243896484375000e+03
-1.602306213378906250e+02
4.832843017578125000e+02
1.260988525390625000e+03
1.128233642578125000e+03
1.192620849609375000e+03
7.816329345703125000e+02
5.798056030273437500e+02
1.190895141601562500e+03
1.889874755859375000e+03
8.518528442382812500e+02
2.051264404296875000e+03
1.161039184570312500e+03
1.848269775390625000e+03
1.685652954101562500e+03
2.384756469726562500e+02
-2.799457092285156250e+02
1.229405883789062500e+03
2.178370117187500000e+03
3.586089599609375000e+03
1.041455078125000000e+01
8.509184265136718750e+01
8.767457008361816406e+00
9.273588256835937500e+02
1.702929687500000000e+02
-4.978910827636718750e+02
3.260167236328125000e+02
1.146297973632812500e+03
3.242160644531250000e+02
1.948130004882812500e+03
1.453661499023437500e+03
3.242965087890625000e+03
4.324041992187500000e+03
-9.937463989257812500e+02
8.363127441406250000e+02
1.217343505859375000e+03
-7.144511718750000000e+02
1.635897094726562500e+03
1.960113525390625000e+03
3.599628906250000000e+03
7.102221069335937500e+02
1.104851196289062500e+03
2.343848144531250000e+03
-1.712986297607421875e+02
3.691323518753051758e+00
1.592656372070312500e+03
2.342281005859375000e+03
2.820660156250000000e+03
-1.816324005126953125e+02
1.856186767578125000e+03
2.434653076171875000e+03
1.709083984375000000e+03
-1.739607696533203125e+02
1.275688598632812500e+03
1.368336914062500000e+03
3.030143798828125000e+03
1.427451904296875000e+03
3.356407470703125000e+03
-8.188780517578125000e+02
7.304698181152343750e+01
2.100870132446289062e+01
-4.155258483886718750e+02
1.545307922363281250e+02
2.494006103515625000e+03
-5.834188842773437500e+02
2.862348144531250000e+03
5.211331787109375000e+02
-4.844898071289062500e+02
2.973374938964843750e+02
1.480496582031250000e+03
3.012231933593750000e+03
1.000749084472656250e+03
1.531252384185791016e+01
5.348596801757812500e+02
-7.166005859375000000e+02
1.720985107421875000e+02
7.096486816406250000e+02
6.269942626953125000e+02
9.582977294921875000e+02
2.096357666015625000e+03
2.410152587890625000e+03
1.688169555664062500e+03
1.277120971679687500e+03
3.699335021972656250e+02
3.946626901626586914e+00
1.764220825195312500e+03
-1.822712860107421875e+02
1.085139892578125000e+03
9.988748779296875000e+02
5.420713500976562500e+02
1.182688110351562500e+03
3.875304443359375000e+03
-3.385332641601562500e+02
3.951092773437500000e+03
5.756211547851562500e+02
-1.539839019775390625e+02
2.096427001953125000e+03
-1.526542968750000000e+03
-6.729677124023437500e+02
8.451262207031250000e+02
2.151874511718750000e+03
8.939398193359375000e+02
-5.742652587890625000e+02
8.457252197265625000e+02
3.725342102050781250e+02
1.195952758789062500e+03
-6.520890045166015625e+01
2.737554626464843750e+02
1.852085327148437500e+03
-1.085405639648437500e+03
-7.382075805664062500e+02
8.473594970703125000e+02
3.668785705566406250e+02
2.119391113281250000e+03
-1.536837158203125000e+02
4.460678222656250000e+03
1.755681274414062500e+03
2.309292221069335938e+01
9.244777221679687500e+02
2.376933105468750000e+03
3.704702453613281250e+02
2.864762207031250000e+03
2.088342590332031250e+02
1.443815185546875000e+03
1.275899536132812500e+03
2.431593261718750000e+03
8.417727661132812500e+02
-1.427761230468750000e+03
8.747845458984375000e+02
9.799380493164062500e+02
1.147530639648437500e+03
1.226722167968750000e+03
1.372017089843750000e+03
2.880482666015625000e+03
1.219037109375000000e+03
-5.357273559570312500e+02
4.079552734375000000e+03
-1.662106781005859375e+02
4.410147705078125000e+02
1.967498657226562500e+03
1.000773864746093750e+03
3.174790039062500000e+02
5.721792602539062500e+02
1.749139892578125000e+03
3.364774414062500000e+03
8.228652954101562500e+02
8.556834716796875000e+02
3.035042114257812500e+02
-8.956256103515625000e+02
2.146361541748046875e+02
7.727353515625000000e+02
-1.186074542999267578e+01
-4.271011734008789062e+01
2.615935791015625000e+03
2.546134765625000000e+03
-2.409471191406250000e+03
-3.142093086242675781e+01
2.519630615234375000e+03
-1.276443481445312500e+02
8.627250366210937500e+02
6.687672119140625000e+02
3.358225341796875000e+03
1.855340423583984375e+02
1.865155151367187500e+03
3.023750915527343750e+02
-2.116096343994140625e+02
1.555628662109375000e+03
1.909497558593750000e+03
1.827750976562500000e+03
-6.375173339843750000e+02
-1.385507202148437500e+02
7.274904785156250000e+02
1.010547409057617188e+02
1.664587036132812500e+03
1.428165527343750000e+03
6.953369140625000000e+02
7.751337890625000000e+02
2.020137451171875000e+03
6.674172973632812500e+02
1.498484008789062500e+03
-1.780604370117187500e+03
7.508991699218750000e+02
1.119060546875000000e+03
1.143436157226562500e+03
4.626936523437500000e+03
2.909577392578125000e+03
7.036513061523437500e+02
1.656923950195312500e+03
2.093530273437500000e+03
5.290943603515625000e+02
1.024173706054687500e+03
1.809219604492187500e+03
-2.623174743652343750e+02
1.239488769531250000e+03
3.274057922363281250e+02
1.834815063476562500e+03
1.185442749023437500e+03
-5.974939575195312500e+02
1.764398925781250000e+03
-2.599285888671875000e+02
1.268949829101562500e+03
1.813280761718750000e+03
7.121389160156250000e+02
2.124091552734375000e+03
2.241660919189453125e+02
-8.332056884765625000e+02
1.450157958984375000e+03
1.435963134765625000e+03
2.025289184570312500e+03
-6.014975585937500000e+02
-4.080242919921875000e+02
2.426589355468750000e+03
1.917703979492187500e+03
2.033900024414062500e+03
1.986477905273437500e+03
1.600759765625000000e+03
1.320423461914062500e+03
2.181938232421875000e+03
1.384829833984375000e+03
2.497856689453125000e+03
1.739887451171875000e+03
1.036432861328125000e+03
-1.626239257812500000e+03
-4.005113220214843750e+02
-6.672206878662109375e+00
1.884761352539062500e+03
8.725748443603515625e+01
1.825391113281250000e+03
8.602718505859375000e+02
1.773584594726562500e+03
2.143479980468750000e+03
2.982070312500000000e+03
-2.045527038574218750e+02
-2.305250488281250000e+03
-1.033335647583007812e+02
3.385572509765625000e+03
-1.483967285156250000e+03
2.406609130859375000e+03
-1.540619964599609375e+02
4.497059326171875000e+02
2.244832031250000000e+03
2.099752197265625000e+03
-5.580747070312500000e+02
1.632477172851562500e+03
1.245824829101562500e+03
1.323179077148437500e+03
5.918758544921875000e+02
5.992022094726562500e+02
-8.454926300048828125e+01
5.253132934570312500e+02
5.868236694335937500e+02
1.035286987304687500e+03
4.101181030273437500e+01
-8.034254760742187500e+02
2.070842773437500000e+03
1.778162719726562500e+03
5.919655761718750000e+02
1.974256958007812500e+03
2.753791259765625000e+03
8.857429199218750000e+02
9.558840942382812500e+02
2.128193603515625000e+03
6.139672241210937500e+02
7.919727783203125000e+02
-2.940157775878906250e+02
2.209205322265625000e+02
9.777413940429687500e+02
-1.571017333984375000e+03
1.744619750976562500e+03
7.174384155273437500e+02
1.092748046875000000e+03
8.082728881835937500e+02
1.672896118164062500e+03
3.004771423339843750e+02
-7.019162597656250000e+02
1.696028076171875000e+03
1.712915802001953125e+02
1.088145629882812500e+03
1.262023162841796875e+02
1.294128051757812500e+03
-1.694749603271484375e+02
3.634148559570312500e+02
4.670729064941406250e+02
1.063428710937500000e+03
6.668115844726562500e+02
1.677384887695312500e+03
1.133922119140625000e+03
1.809462402343750000e+03
3.164024414062500000e+03
2.282356201171875000e+03
1.388024291992187500e+03
-1.403293579101562500e+03
1.627332641601562500e+03
4.543584594726562500e+02
2.891687011718750000e+03
2.171655273437500000e+02
2.000290405273437500e+03
3.420815658569335938e+01
6.773045349121093750e+01
-1.675708007812500000e+02
3.250516357421875000e+03
2.326030761718750000e+03
8.745149536132812500e+02
-8.254324340820312500e+02
1.343197875976562500e+03
1.509951416015625000e+03
-6.311176757812500000e+02
1.836886352539062500e+03
2.958767578125000000e+03
1.645584594726562500e+03
-3.443128356933593750e+02
1.664754150390625000e+03
2.790961608886718750e+02
-1.157074829101562500e+03
2.843559875488281250e+02
7.452075805664062500e+02
1.124388671875000000e+03
1.079769775390625000e+03
6.480458984375000000e+02
2.901762451171875000e+03
3.880467041015625000e+03
-1.063939895629882812e+02
2.248801025390625000e+03
2.438540283203125000e+03
2.294004058837890625e+01
1.262934448242187500e+03
5.188703613281250000e+02
1.688229370117187500e+03
-1.463865051269531250e+02
1.765423095703125000e+03
2.400245849609375000e+03
1.329124755859375000e+03
2.926398925781250000e+03
2.462586669921875000e+03
1.895983734130859375e+02
8.863903198242187500e+02
1.920629394531250000e+03
2.891675048828125000e+03
3.167350097656250000e+03
1.644515258789062500e+03
1.189457397460937500e+03
-3.288149108886718750e+02
-1.396849365234375000e+02
1.328241943359375000e+03
-5.541487426757812500e+02
2.136931884765625000e+03
8.420468750000000000e+02
1.514363281250000000e+03
-3.967174682617187500e+02
1.610769775390625000e+03
2.846199462890625000e+03
2.843527832031250000e+03
2.840119384765625000e+03
1.258794555664062500e+03
2.437010345458984375e+02
3.329707946777343750e+02
1.906140014648437500e+03
-1.998940734863281250e+02
9.200716552734375000e+02
2.376761962890625000e+03
2.802882812500000000e+03
1.817468505859375000e+03
4.721301269531250000e+02
3.649779357910156250e+02
1.089550537109375000e+03
5.972921752929687500e+02
2.612025756835937500e+02
1.807598754882812500e+03
-5.564414672851562500e+02
4.449908752441406250e+02
-4.036870574951171875e+01
4.381098327636718750e+02
6.794125976562500000e+02
-4.491653137207031250e+02
1.914977661132812500e+03
1.799049194335937500e+03
1.003635437011718750e+03
5.492332153320312500e+02
1.292062988281250000e+03
8.594230346679687500e+02
3.447445800781250000e+03
2.805160156250000000e+03
-3.106073303222656250e+02
-3.491506042480468750e+02
1.080557250976562500e+03
1.489741088867187500e+03
-1.213244628906250000e+03
9.307761383056640625e+01
2.036351684570312500e+03
-4.090694885253906250e+02
3.302011230468750000e+03
2.530427490234375000e+03
-1.254382858276367188e+02
9.373721313476562500e+01
1.515908569335937500e+03
1.309473022460937500e+03
-5.537411117553710938e+01
1.997905639648437500e+03
1.983421264648437500e+03
-1.845854949951171875e+02
-4.235504760742187500e+02
1.814665649414062500e+03
-1.079055419921875000e+03
4.429181213378906250e+02
-1.156699096679687500e+03
1.052335449218750000e+03
1.388755493164062500e+03
8.149456176757812500e+02
5.184513549804687500e+02
1.413404785156250000e+03
-4.501199645996093750e+02
2.466068267822265625e+02
6.391403198242187500e+02
2.004267333984375000e+03
3.735894531250000000e+03
1.488834594726562500e+03
3.281079833984375000e+03
-8.506690673828125000e+02
2.478977294921875000e+03
1.389278808593750000e+03
8.272091064453125000e+02
1.066758544921875000e+03
1.762342651367187500e+03
6.658229370117187500e+02
6.049218750000000000e+02
1.968513427734375000e+03
2.067237548828125000e+03
2.145744140625000000e+03
3.353338867187500000e+03
9.038413238525390625e+01
2.583761718750000000e+03
2.172745117187500000e+03
1.798215820312500000e+03
8.058897705078125000e+02
4.261004333496093750e+02
7.685033569335937500e+02
5.728005371093750000e+02
7.277349853515625000e+02
2.957558837890625000e+03
1.238644042968750000e+03
1.571917114257812500e+03
2.139678710937500000e+03
3.492666015625000000e+03
2.781160156250000000e+03
2.951645812988281250e+02
2.780753906250000000e+03
2.315590332031250000e+03
3.116520263671875000e+03
1.918708129882812500e+03
-5.015130615234375000e+02
2.748360595703125000e+03
-4.759914550781250000e+02
5.887167968750000000e+02
3.074267089843750000e+03
1.163333007812500000e+03
4.153591613769531250e+02
1.227958129882812500e+03
1.742093017578125000e+03
1.555037109375000000e+03
6.982788085937500000e+02
2.628774658203125000e+03
-4.242493438720703125e+01
1.770498901367187500e+03
3.197214111328125000e+03
-5.339971313476562500e+02
7.960784912109375000e+02
1.210443603515625000e+03
1.922016723632812500e+03
9.357418823242187500e+02
6.381065063476562500e+02
1.696409454345703125e+02
8.068398437500000000e+02
2.085734405517578125e+02
-2.824816589355468750e+02
1.298187011718750000e+03
3.012378906250000000e+03
1.078488769531250000e+03
1.546660644531250000e+03
1.440700561523437500e+03
1.375710571289062500e+03
1.101646606445312500e+03
1.069800903320312500e+03
1.551092285156250000e+03
1.568906005859375000e+03
2.224734130859375000e+03
4.824484252929687500e+02
1.678959228515625000e+03
1.428985229492187500e+03
2.526913085937500000e+03
1.273258178710937500e+03
7.913656005859375000e+02
1.113576904296875000e+03
2.399179199218750000e+03
-3.201219482421875000e+02
1.771598510742187500e+03
6.857091674804687500e+02
1.923891967773437500e+03
-7.382920837402343750e+01
2.106176025390625000e+03
2.313176757812500000e+03
1.299347534179687500e+03
1.954581420898437500e+03
1.482074218750000000e+03
1.358686157226562500e+03
5.717523193359375000e+02
2.590637695312500000e+03
5.938471069335937500e+02
2.504956054687500000e+03
-3.418679809570312500e+02
1.012833557128906250e+03
1.218635864257812500e+03
1.669979858398437500e+03
5.490706176757812500e+02
-8.790383911132812500e+02
5.682250976562500000e+02
6.385645141601562500e+02
1.502853027343750000e+03
2.168808349609375000e+03
9.536854248046875000e+02
-3.523765258789062500e+02
2.116388183593750000e+03
2.104046386718750000e+03
1.496809326171875000e+03
3.500724365234375000e+03
8.452243041992187500e+02
2.653757934570312500e+02
9.413760185241699219e+00
1.235515258789062500e+03
1.214767944335937500e+03
-5.415284156799316406e+00
4.103101253509521484e+00
-9.851784706115722656e+00
-4.113870620727539062e+00
2.900429964065551758e+00
5.170575618743896484e+00
-5.586077213287353516e+00
2.464930415153503418e-01
-3.766851902008056641e+00
-3.731707572937011719e+00
-3.333127260208129883e+00
-1.132450962066650391e+01
-3.923207521438598633e+00
-5.040125846862792969e+00
-1.073591518402099609e+01
-4.609048843383789062e+00
-8.227744102478027344e+00
-8.888129234313964844e+00
-1.139037895202636719e+01
-4.760491847991943359e+00
-7.545569419860839844e+00
-2.574778318405151367e+00
-3.890164494514465332e-01
-1.594714045524597168e+00
-1.580236434936523438e+00
-1.053758335113525391e+01
-6.462575912475585938e+00
3.478365182876586914e+00
-2.321850776672363281e+00
9.581112861633300781e+00
-3.852868556976318359e+00
-3.006186246871948242e+00
-8.961928367614746094e+00
-2.878454208374023438e+00
-4.134372234344482422e+00
4.117567539215087891e+00
-1.675940871238708496e+00
-4.504906654357910156e+00
6.599131822586059570e-01
-5.203277111053466797e+00
4.859976470470428467e-01
-3.738295555114746094e+00
-1.023214721679687500e+01
-2.512581586837768555e+00
1.376234054565429688e+00
-5.744123935699462891e+00
-7.659507751464843750e+00
-3.688184976577758789e+00
-1.490118265151977539e+00
-3.984090089797973633e-01
-9.898627281188964844e+00
5.918908119201660156e+00
2.166449785232543945e+00
-4.593196392059326172e+00
2.235552310943603516e+00
-6.456737041473388672e+00
-4.646893978118896484e+00
-7.141707420349121094e+00
-3.261002779006958008e+00
8.032703399658203125e+00
-5.464927673339843750e+00
-1.167479133605957031e+01
-1.570186257362365723e+00
-5.653682231903076172e+00
-6.648314476013183594e+00
-1.088212490081787109e+01
-8.277923583984375000e+00
1.857262015342712402e+00
3.678853988647460938e+00
-1.300661563873291016e+01
2.699079990386962891e+00
3.627852201461791992e+00
9.965862631797790527e-01
-6.440643072128295898e-01
6.576675176620483398e-01
-7.919054985046386719e+00
-8.099509239196777344e+00
1.143966007232666016e+01
-3.187583923339843750e+00
-3.417265415191650391e-01
5.864202022552490234e+00
-5.127236843109130859e+00
-6.243083000183105469e+00
-7.106575489044189453e+00
-1.600833892822265625e+01
-1.773869246244430542e-01
7.281232833862304688e+00
-9.184376716613769531e+00
-2.948098897933959961e+00
-3.512423038482666016e+00
5.420747280120849609e+00
2.402553796768188477e+00
1.121897983551025391e+01
-1.890909194946289062e+00
-2.514084339141845703e+00
-7.621356964111328125e+00
1.221903562545776367e+00
-1.371828174591064453e+01
5.761484622955322266e+00
-9.620380401611328125e+00
5.136116981506347656e+00
-4.850910186767578125e+00
-1.047440624237060547e+01
-6.601955413818359375e+00
-1.853072762489318848e+00
-2.847202062606811523e+00
-9.128731727600097656e+00
-1.135208225250244141e+01
-2.519684791564941406e+00
1.054957580566406250e+01
9.094851613044738770e-01
7.022345066070556641e+00
-3.872423171997070312e-01
-1.967498779296875000e+01
-6.266278266906738281e+00
-9.058634757995605469e+00
-8.569801330566406250e+00
-1.120132637023925781e+01
9.255906343460083008e-01
-2.902223110198974609e+00
-9.134273529052734375e+00
-3.587442398071289062e+00
-5.430662631988525391e+00
-5.259320735931396484e+00
-9.399788856506347656e+00
-1.234334278106689453e+01
-1.694024276733398438e+01
-1.229990386962890625e+01
5.049202442169189453e-01
-6.580756187438964844e+00
-1.400032758712768555e+00
7.691419124603271484e+00
-1.268603324890136719e+00
-1.569830703735351562e+01
-3.929825305938720703e+00
-4.382443904876708984e+00
-4.863899707794189453e+00
7.283359527587890625e+00
-6.094782352447509766e+00
-3.417601585388183594e+00
-3.927225351333618164e+00
-8.953050613403320312e+00
5.243463993072509766e+00
-1.754775494337081909e-01
-5.380155086517333984e+00
-1.342026138305664062e+01
-2.046392679214477539e+00
-5.904364585876464844e-01
-1.039505004882812500e+01
-2.508728265762329102e+00
-6.103913307189941406e+00
-9.150707244873046875e+00
-5.575210452079772949e-01
-1.123264312744140625e+00
-9.299879074096679688e+00
-7.594688415527343750e+00
-8.575527191162109375e+00
3.635171175003051758e+00
-3.994752883911132812e+00
-7.012162208557128906e-01
4.543521881103515625e+00
-6.747518062591552734e+00
-5.903214454650878906e+00
1.523092687129974365e-01
1.046449279785156250e+01
-8.990023612976074219e+00
-9.553499221801757812e+00
-2.661429405212402344e+00
-1.995685386657714844e+01
-3.597747325897216797e+00
-3.885000944137573242e+00
-3.744649887084960938e+00
-8.746225357055664062e+00
-1.321885704994201660e+00
-1.366438198089599609e+01
-4.074881553649902344e+00
-7.612510919570922852e-01
2.921483039855957031e+00
-4.163074970245361328e+00
-1.005758953094482422e+01
-1.913772583007812500e+00
-6.179774761199951172e+00
-2.609290122985839844e+00
-3.214516401290893555e+00
-1.046718788146972656e+01
-8.605891227722167969e+00
-1.229154682159423828e+01
-6.916821956634521484e+00
-2.539871215820312500e+00
3.520264327526092529e-01
-5.257948398590087891e+00
-9.520170211791992188e+00
2.071824520826339722e-01
-5.580500602722167969e+00
-3.523021936416625977e+00
-1.706023597717285156e+01
-1.870554983615875244e-01
-2.740843296051025391e+00
2.130843162536621094e+00
-2.609770059585571289e+00
-1.905782341957092285e+00
3.857361793518066406e+00
-2.118369579315185547e+00
-6.753916740417480469e-01
3.933324813842773438e+00
8.225904464721679688e+00
-1.218526649475097656e+01
-6.153039932250976562e+00
-3.342386007308959961e+00
-1.681098222732543945e+00
-5.800314903259277344e+00
-9.720104217529296875e+00
-5.340688228607177734e+00
-4.285990238189697266e+00
-1.658575630187988281e+01
-4.836265563964843750e+00
2.292495250701904297e+00
-5.769186019897460938e-01
-1.401601314544677734e+00
-1.334734439849853516e+01
-6.513326168060302734e+00
8.769432067871093750e+00
-9.762697219848632812e+00
-2.527472019195556641e+00
-5.014564514160156250e+00
7.425950765609741211e-01
-3.400443077087402344e+00
-9.556653976440429688e+00
-5.459819316864013672e+00
-2.813386201858520508e+00
-2.362087249755859375e+00
-4.489287137985229492e-01
-9.728102087974548340e-01
-2.963707923889160156e+00
-2.157105207443237305e+00
-1.467479228973388672e+00
-3.620357275009155273e+00
-1.269921398162841797e+01
-8.429862022399902344e+00
4.015675067901611328e+00
-3.447278261184692383e+00
-1.671879053115844727e+00
-5.626961708068847656e+00
-1.378032398223876953e+01
-1.277305030822753906e+01
-2.889183521270751953e+00
-9.392560958862304688e+00
-2.841596841812133789e+00
-2.620791912078857422e+00
-5.292044639587402344e+00
-5.633455753326416016e+00
6.594023108482360840e-01
-7.610791206359863281e+00
-1.544782161712646484e+00
-7.393463611602783203e+00
-9.175461769104003906e+00
-8.600356101989746094e+00
-7.973638534545898438e+00
-8.849658012390136719e+00
-3.128807544708251953e+00
1.092395424842834473e+00
-4.611460208892822266e+00
3.627837419509887695e+00
-4.739962577819824219e+00
-1.028637695312500000e+01
-8.472114562988281250e+00
-8.311145782470703125e+00
-5.518448352813720703e+00
1.919011235237121582e+00
-8.019938468933105469e+00
-1.227614283561706543e+00
-1.556178855895996094e+01
2.499492645263671875e+00
-9.146704673767089844e+00
-1.886020064353942871e+00
-1.001892089843750000e+00
-1.132622003555297852e+00
-5.487678527832031250e+00
-5.257457733154296875e+00
9.482170104980468750e+00
-5.126879215240478516e+00
-7.347413063049316406e+00
1.009317040443420410e+00
-3.339303493499755859e+00
-6.934295654296875000e+00
-1.291288137435913086e+00
-4.518636703491210938e+00
6.699467182159423828e+00
2.398504177108407021e-03
-6.059575080871582031e+00
-1.142212772369384766e+01
7.098471164703369141e+00
-1.353117370605468750e+01
-1.091402053833007812e+01
-1.032406330108642578e+01
-2.755523443222045898e+00
-3.514706373214721680e+00
-8.149559974670410156e+00
1.244805693626403809e+00
4.328929901123046875e+00
-5.776803016662597656e+00
-7.568815708160400391e+00
-9.673545837402343750e+00
-3.688362598419189453e+00
-1.901916742324829102e+00
-1.756160557270050049e-01
6.094294071197509766e+00
2.350133180618286133e+00
-5.930242061614990234e+00
-1.488500595092773438e+00
8.434246778488159180e-01
-8.051242232322692871e-01
-9.043865203857421875e+00
-9.008033275604248047e-01
1.892394900321960449e+00
-5.559650897979736328e+00
2.805215597152709961e+00
1.640995264053344727e+00
-1.227478504180908203e+01
-7.822319984436035156e+00
-3.278357505798339844e+00
-1.981835007667541504e+00
-4.892076015472412109e+00
-2.405733108520507812e+00
-8.543335914611816406e+00
-1.434926688671112061e-01
-4.988868713378906250e+00
-5.833659648895263672e+00
-5.075769901275634766e+00
-4.891881942749023438e+00
-4.504844665527343750e+00
1.528539538383483887e+00
-1.074298143386840820e+00
2.126895189285278320e+00
-4.469842910766601562e+00
-1.529066920280456543e+00
5.805888772010803223e-01
-3.223732709884643555e-01
-1.168575668334960938e+01
-6.131273269653320312e+00
-2.676467895507812500e+00
-6.782661437988281250e+00
-8.164329528808593750e+00
7.641234397888183594e+00
-2.446650505065917969e+00
-3.283577919006347656e+00
-6.744207859039306641e+00
2.557646512985229492e+00
-1.096120262145996094e+01
-4.800736427307128906e+00
-5.951150655746459961e-01
-3.114450454711914062e+00
-6.978887081146240234e+00
-6.755823612213134766e+00
-9.507148742675781250e+00
-2.468760490417480469e+00
2.820337295532226562e+00
-6.327986240386962891e+00
-1.009264373779296875e+01
-4.318026900291442871e-01
-1.780166774988174438e-01
-8.420604705810546875e+00
4.747768640518188477e-01
-7.112837791442871094e+00
-4.308663845062255859e+00
-1.367664051055908203e+01
-2.530411481857299805e+00
-1.033824634552001953e+01
-5.202897548675537109e+00
-1.020091533660888672e+01
-2.743435859680175781e+00
-5.884919166564941406e+00
-8.659912109375000000e+00
-2.649212479591369629e-01
1.033008766174316406e+01
-1.139720821380615234e+01
-2.473618388175964355e-01
-2.962281227111816406e+00
-1.190081119537353516e+01
-1.880517840385437012e+00
-3.661075115203857422e+00
1.826260328292846680e+00
-1.325363540649414062e+01
-3.050301074981689453e+00
-6.988981723785400391e+00
1.548879981040954590e+00
-8.422743797302246094e+00
-7.457867622375488281e+00
-3.686680555343627930e+00
-1.576458072662353516e+01
2.219338178634643555e+00
4.917761325836181641e+00
-7.224996566772460938e+00
-5.189172744750976562e+00
-1.152509927749633789e+00
-5.287767410278320312e+00
-1.212340259552001953e+01
-5.672219768166542053e-02
-1.084416484832763672e+01
3.212453603744506836e+00
-1.022848367691040039e+00
-6.407475471496582031e-01
-1.014361572265625000e+01
-9.086931228637695312e+00
-6.947908401489257812e+00
-5.489158153533935547e+00
-5.136816501617431641e+00
-3.563359498977661133e+00
-3.287067174911499023e+00
-1.064445686340332031e+01
-6.288642883300781250e+00
-6.350969791412353516e+00
-7.444065570831298828e+00
-1.654944992065429688e+01
-1.062602043151855469e+01
-7.116014480590820312e+00
3.258502781391143799e-01
-1.648287773132324219e+00
-3.431220769882202148e+00
-4.001712799072265625e+00
-9.952986717224121094e+00
1.230062127113342285e+00
-6.190548896789550781e+00
-8.966423988342285156e+00
-1.115659809112548828e+01
-9.752060890197753906e+00
-1.130032348632812500e+01
2.150463581085205078e+00
-1.306049585342407227e+00
-2.625392436981201172e+00
-5.055229187011718750e+00
-1.279720878601074219e+01
-8.142482638359069824e-01
-4.785768508911132812e+00
-9.425605773925781250e+00
6.601058840751647949e-01
-3.936982452869415283e-01
-9.592575073242187500e+00
-1.759561157226562500e+01
8.953573226928710938e+00
-3.757900953292846680e+00
-5.634946823120117188e+00
-6.832781434059143066e-01
-4.504437923431396484e+00
8.651314973831176758e-01
-7.231184005737304688e+00
-2.120970726013183594e+00
-1.357005310058593750e+01
-9.362834930419921875e+00
2.857628822326660156e+00
-6.790396213531494141e+00
-7.134545803070068359e+00
-4.482002735137939453e+00
3.299547433853149414e+00
-7.575930356979370117e-01
-8.659020662307739258e-01
-6.709062099456787109e+00
6.040273666381835938e+00
-1.071937751770019531e+01
3.566993236541748047e+00
-4.599864959716796875e+00
5.791584253311157227e-01
-6.360068798065185547e+00
-1.380461788177490234e+01
-7.253621101379394531e+00
-2.093473434448242188e+00
-4.468798637390136719e+00
-8.125565201044082642e-02
7.999395847320556641e+00
-6.988749980926513672e+00
-5.760858058929443359e+00
9.042937278747558594e+00
-3.342582941055297852e+00
-8.132433891296386719e+00
-1.160973310470581055e+00
-2.645013570785522461e+00
-9.099802970886230469e+00
-8.967700958251953125e+00
-1.347951889038085938e+01
8.806188106536865234e-01
-7.015024662017822266e+00
-5.757399559020996094e+00
-8.577860832214355469e+00
-1.489236831665039062e+01
-1.652549934387207031e+01
2.732137739658355713e-01
7.123775959014892578e+00
-1.946995615959167480e+00
4.554988861083984375e+00
-6.110572814941406250e+00
-1.583308506011962891e+01
-9.965405464172363281e+00
1.891652107238769531e+00
2.354183435440063477e+00
-1.062827110290527344e+01
-1.490896224975585938e+01
-6.117984294891357422e+00
-1.451699852943420410e+00
5.477769374847412109e+00
-5.928139209747314453e+00
2.106782436370849609e+00
-1.056901264190673828e+01
-6.137985706329345703e+00
-3.699082612991333008e+00
-1.125604987144470215e+00
1.946975290775299072e-01
8.585201263427734375e+00
1.832121968269348145e+00
-1.338200807571411133e+00
-3.345512628555297852e+00
1.593867301940917969e+00
-1.212261486053466797e+01
-8.594003915786743164e-01
-9.279707908630371094e+00
-1.283958339691162109e+01
-3.772118091583251953e+00
5.090815067291259766e+00
2.054686307907104492e+00
-1.150459098815917969e+01
-1.757617950439453125e+00
-8.836139678955078125e+00
-1.187786388397216797e+01
-7.130056381225585938e+00
-3.702684164047241211e+00
-3.267437934875488281e+00
-9.691961288452148438e+00
-1.033251762390136719e+01
-2.216841697692871094e+00
-1.327581977844238281e+01
-1.261881542205810547e+01
-1.332073593139648438e+01
4.606283664703369141e+00
-1.093676471710205078e+01
4.320991337299346924e-01
-2.254807054996490479e-01
-6.303552627563476562e+00
-3.255343437194824219e+00
-1.107484531402587891e+01
-5.350193500518798828e+00
6.873022079467773438e+00
-1.160851383209228516e+01
6.287022113800048828e+00
-4.849310874938964844e+00
7.161718845367431641e+00
5.661283016204833984e+00
2.356411814689636230e-01
2.362203359603881836e+00
-1.126187705993652344e+01
1.176411867141723633e+00
-3.570303440093994141e+00
-2.936908721923828125e+00
-6.866695880889892578e+00
8.152354240417480469e+00
-9.768223762512207031e+00
-2.395942211151123047e+00
-2.962934970855712891e+00
9.290298223495483398e-01
-9.623353958129882812e+00
-8.338634490966796875e+00
2.178615093231201172e+00
7.275431632995605469e+00
-3.575651407241821289e+00
-7.410719394683837891e+00
4.205443561077117920e-01
-7.404883384704589844e+00
-1.609845924377441406e+01
-2.519668817520141602e+00
-9.345743179321289062e+00
-5.493760108947753906e+00
-4.304765224456787109e+00
-4.310679912567138672e+00
-2.710130214691162109e+00
3.434143543243408203e+00
-5.972827434539794922e+00
-6.030345916748046875e+00
-1.751893043518066406e+01
-1.147398853302001953e+01
-1.206672573089599609e+01
1.555130243301391602e+00
-1.437464237213134766e+00
-8.636276245117187500e+00
-4.488240718841552734e+00
-3.096419095993041992e+00
-6.056474208831787109e+00
-1.520535111427307129e+00
-5.444668769836425781e+00
-7.937154769897460938e+00
7.254484653472900391e+00
-1.226095581054687500e+01
2.391912698745727539e+00
-4.767853260040283203e+00
2.797389268875122070e+00
-1.218098878860473633e+00
-8.717989921569824219e+00
-5.875423908233642578e+00
-5.594126224517822266e+00
-1.010758876800537109e+01
-4.262023568153381348e-01
-5.987960815429687500e+00
7.329260349273681641e+00
-5.870491504669189453e+00
-2.890055656433105469e+00
-4.820107460021972656e+00
-2.976494789123535156e+00
3.668149471282958984e+00
1.335861802101135254e+00
4.637995719909667969e+00
-1.550386333465576172e+01
2.684966325759887695e-01
-1.013785076141357422e+01
-4.996590018272399902e-01
-9.470054626464843750e+00
1.255501270294189453e+00
-7.535774707794189453e+00
-1.028672599792480469e+01
-6.137947440147399902e-01
-1.877216577529907227e+00
-7.114910602569580078e+00
-7.513063907623291016e+00
-4.206280708312988281e+00
-3.785727024078369141e+00
4.147284030914306641e-01
4.096888005733489990e-01
-4.585325717926025391e+00
-7.158201217651367188e+00
-9.297625422477722168e-01
-6.835389137268066406e-02
-1.474255323410034180e+00
-4.612715721130371094e+00
-3.200604915618896484e+00
-1.453904867172241211e+00
-5.440371990203857422e+00
-3.077504396438598633e+00
-1.006129074096679688e+01
5.442961692810058594e+00
-5.846656799316406250e+00
1.955201029777526855e+00
-6.202919483184814453e+00
6.752936244010925293e-01
-5.376762866973876953e+00
1.219510674476623535e+00
-4.883518695831298828e+00
-5.174717903137207031e+00
-4.024849891662597656e+00
-8.372523307800292969e+00
1.498432517051696777e+00
-7.684109210968017578e+00
-1.378210425376892090e+00
-8.451412200927734375e+00
-7.458438396453857422e+00
-8.853269577026367188e+00
-1.312820243835449219e+01
-6.824844837188720703e+00
-4.749452114105224609e+00
-3.409356117248535156e+00
-3.238507032394409180e+00
-2.648313939571380615e-01
4.993264198303222656e+00
5.583168029785156250e+00
-6.664838314056396484e+00
-6.477318763732910156e+00
-1.070406818389892578e+01
-6.095458507537841797e+00
-7.933690071105957031e+00
-5.910844802856445312e+00
-1.000419139862060547e+01
-1.082630515098571777e+00
-1.157180404663085938e+01
-5.374584197998046875e+00
-7.038641452789306641e+00
-4.796287536621093750e+00
7.952537536621093750e+00
-1.454117012023925781e+01
-4.189611434936523438e+00
-3.308394908905029297e+00
-2.950423955917358398e+00
9.379163742065429688e+00
6.170052051544189453e+00
1.608322620391845703e+00
-8.797764778137207031e+00
-5.624439716339111328e+00
-2.225914955139160156e+00
5.309779167175292969e+00
1.298887491226196289e+00
-2.467605829238891602e+00
1.176723361015319824e+00
-8.292580604553222656e+00
-7.064713478088378906e+00
-2.910014629364013672e+00
-1.132677078247070312e+01
-4.352200031280517578e+00
-6.358789443969726562e+00
-2.932850420475006104e-01
-6.254992008209228516e+00
1.711452865600585938e+01
1.073825240135192871e+00
8.553476333618164062e-01
-7.088936328887939453e+00
-1.153016376495361328e+01
1.613033413887023926e+00
-1.801796555519104004e+00
-1.048028469085693359e+00
3.237477779388427734e+00
-9.332499504089355469e+00
-6.240834712982177734e+00
-9.024496078491210938e+00
1.159681081771850586e+00
-2.458121061325073242e+00
-3.285115718841552734e+00
-6.912954330444335938e+00
-5.452288627624511719e+00
-1.423217773437500000e+01
-1.454701662063598633e+00
-3.035849928855895996e-01
-5.501477241516113281e+00
-1.299840092658996582e+00
8.789725899696350098e-01
-9.135210990905761719e+00
-8.351892471313476562e+00
-1.167629909515380859e+01
-7.540725708007812500e+00
-9.932107925415039062e+00
-3.698037862777709961e+00
1.001877546310424805e+00
-1.152426910400390625e+01
-4.101381003856658936e-01
-9.928863525390625000e+00
-3.243304252624511719e+00
-2.879728078842163086e+00
-5.007607936859130859e+00
-7.420747280120849609e+00
-6.513173103332519531e+00
-4.872050583362579346e-01
-9.081707954406738281e+00
-5.361076354980468750e+00
-1.190926933288574219e+01
-5.982895851135253906e+00
-3.159524202346801758e+00
-3.721043348312377930e+00
-4.043283760547637939e-01
-8.583188056945800781e+00
-4.358457565307617188e+00
9.520991444587707520e-01
6.167977452278137207e-01
-9.795039176940917969e+00
4.176503181457519531e+00
-5.238797187805175781e+00
-9.987710118293762207e-01
2.248595714569091797e+00
3.202269315719604492e+00
4.135731220245361328e+00
-2.129644155502319336e+00
-6.997709274291992188e+00
6.546869754791259766e+00
-7.333284854888916016e+00
-7.613473892211914062e+00
-2.624402999877929688e+00
1.232356190681457520e+00
2.087704181671142578e+00
-4.477199554443359375e+00
4.571534156799316406e+00
-6.183470726013183594e+00
1.835181593894958496e+00
-6.117071628570556641e+00
-1.569136500358581543e+00
-6.006241321563720703e+00
-1.023604965209960938e+01
-5.917196750640869141e+00
-3.195034503936767578e+00
-5.773414134979248047e+00
-1.552042603492736816e+00
5.082524776458740234e+00
-4.326257705688476562e+00
-1.022598361968994141e+01
-2.463149309158325195e+00
-3.254747629165649414e+00
-5.695279598236083984e+00
-1.699865341186523438e+00
-1.551600337028503418e+00
-3.260949611663818359e+00
-1.258589744567871094e+00
-1.130047035217285156e+01
-4.142480373382568359e+00
-4.298314571380615234e+00
-1.107473564147949219e+01
-5.069097042083740234e+00
2.033472061157226562e+00
-5.417920589447021484e+00
-5.478212356567382812e+00
-7.541163563728332520e-01
-3.631411790847778320e+00
2.203846693038940430e+00
-1.024765968322753906e-01
-9.661139488220214844e+00
4.336225688457489014e-01
1.646337389945983887e+00
-1.621194076538085938e+01
-8.611332178115844727e-01
-2.057517766952514648e+00
1.206430077552795410e+00
-4.085504710674285889e-01
-5.835208415985107422e+00
2.848117351531982422e+00
-6.517999172210693359e+00
-1.270312404632568359e+01
-6.161880493164062500e-01
-1.222847938537597656e+01
-7.954845428466796875e+00
-2.556521177291870117e+00
-5.315716266632080078e+00
-9.702748298645019531e+00
-5.390450477600097656e+00
-9.372608736157417297e-03
1.754118442535400391e+00
-5.128047466278076172e-01
-3.453344821929931641e+00
1.351332426071166992e+00
1.144759416580200195e+00
-3.130982398986816406e+00
-6.816940307617187500e+00
-3.371872186660766602e+00
-9.555095672607421875e+00
-6.707443237304687500e+00
-1.394057750701904297e+00
-8.010101318359375000e+00
-5.655692577362060547e+00
-8.028604507446289062e+00
-1.497586822509765625e+01
-1.159005832672119141e+01
-2.844827413558959961e+00
1.148728561401367188e+01
-3.004917860031127930e+00
-2.679714679718017578e+00
2.854208469390869141e+00
1.970415949821472168e+00
3.397026062011718750e+00
5.863404750823974609e+00
-9.562079429626464844e+00
-1.096741580963134766e+01
-2.694093704223632812e+00
-7.912946701049804688e+00
-2.797180652618408203e+00
-5.884440898895263672e+00
-1.165042400360107422e+00
-1.033405065536499023e+00
-2.332105398178100586e+00
-5.342037677764892578e-01
-9.407785415649414062e+00
-2.043928861618041992e+00
-1.056454086303710938e+01
-4.805258274078369141e+00
-7.985283851623535156e+00
-3.186657130718231201e-01
-1.017900371551513672e+01
-8.740146756172180176e-01
-4.304156780242919922e+00
6.195927619934082031e+00
-1.040987682342529297e+01
-4.616887092590332031e+00
-4.822777271270751953e+00
1.308300495147705078e+00
-1.286131477355957031e+01
-2.379278898239135742e+00
-3.727651119232177734e+00
-2.611611366271972656e+00
-2.086548328399658203e+00
-2.071020126342773438e+00
-3.342034578323364258e+00
-7.381554126739501953e+00
-5.522615909576416016e+00
2.167060852050781250e+00
-4.140398800373077393e-01
-6.673464298248291016e+00
9.215832948684692383e-01
-7.831751823425292969e+00
-3.229603767395019531e+00
-2.211565077304840088e-01
4.045565605163574219e+00
-8.413712382316589355e-01
-5.520532131195068359e+00
-1.697939991950988770e+00
-2.454272471368312836e-02
-1.140942192077636719e+01
1.820070147514343262e+00
5.766498565673828125e+00
-3.164788722991943359e+00
-7.402853965759277344e+00
-3.389439344406127930e+00
-4.082167625427246094e+00
-5.543267726898193359e+00
-1.782456970214843750e+01
-6.756251335144042969e+00
-7.748490333557128906e+00
-1.251922607421875000e+00
8.469924926757812500e-01
-1.344940853118896484e+01
-4.393959045410156250e+00
-4.139152526855468750e+00
-4.396251440048217773e-01
1.912530064582824707e+00
5.674988031387329102e-01
3.182249784469604492e+00
-5.450568675994873047e+00
3.274379730224609375e+00
-2.605777978897094727e+00
-6.381651878356933594e+00
-3.237786769866943359e+00
5.817002058029174805e-01
-8.240962028503417969e+00
-1.785777926445007324e+00
-7.313122272491455078e+00
-7.915435314178466797e+00
-5.747678279876708984e+00
-3.718094587326049805e+00
3.189152479171752930e+00
1.433899879455566406e+00
-4.470083713531494141e+00
5.870306968688964844e+00
-1.816587805747985840e+00
-1.134345245361328125e+01
-1.997030258178710938e+00
-8.004467010498046875e+00
-5.890125274658203125e+00
-4.715252876281738281e+00
-2.693001627922058105e-01
-3.992653608322143555e+00
1.171293258666992188e+00
-6.886253833770751953e+00
-2.462422609329223633e+00
-9.434471130371093750e+00
-1.282061672210693359e+01
-3.759046077728271484e+00
-1.028672790527343750e+01
-1.173410296440124512e+00
6.819260597229003906e+00
2.676474571228027344e+00
-1.883242607116699219e+00
-2.645543098449707031e+00
-9.840893745422363281e+00
-8.615141868591308594e+00
1.459015130996704102e+00
-1.222098541259765625e+01
-1.511766195297241211e+00
-9.663341522216796875e+00
-3.484382152557373047e+00
-4.117866992950439453e+00
4.533583164215087891e+00
-5.122484683990478516e+00
-8.818041801452636719e+00
6.316639780998229980e-01
-3.429739236831665039e+00
1.267123103141784668e+00
-4.237148761749267578e+00
-5.895098209381103516e+00
-3.955048084259033203e+00
-8.033349990844726562e+00
5.207269191741943359e-01
-4.269127845764160156e+00
1.580276727676391602e+00
-1.080176544189453125e+01
-1.441016292572021484e+01
-2.747712612152099609e+00
-4.032968044281005859e+00
-9.124213218688964844e+00
-2.142872065305709839e-01
-1.496380329132080078e+00
-9.377514123916625977e-01
4.027009904384613037e-01
-7.566801309585571289e-01
-2.009322643280029297e+00
-8.807944297790527344e+00
-4.055265903472900391e+00
-1.156271219253540039e+00
7.521912574768066406e+00
-7.509190082550048828e+00
-9.027181625366210938e+00
-4.527392387390136719e+00
-7.157455921173095703e+00
-8.363455772399902344e+00
1.748199939727783203e+00
-7.548418045043945312e+00
-4.385856151580810547e+00
-3.537587821483612061e-01
-2.025075674057006836e+00
-1.246409416198730469e+01
-5.494484424591064453e+00
-9.994683265686035156e+00
1.189736008644104004e+00
6.063968658447265625e+00
-9.097096443176269531e+00
-2.040069103240966797e+00
-1.075512218475341797e+01
-3.480211257934570312e+00
-4.203563213348388672e+00
4.413293361663818359e+00
-5.731428623199462891e+00
-9.192945480346679688e+00
-6.174667358398437500e+00
-1.165168190002441406e+01
3.572996616363525391e+00
-8.353610992431640625e+00
3.288470029830932617e+00
-7.407093048095703125e+00
-2.330802917480468750e+00
-6.706251621246337891e+00
-4.858718872070312500e+00
-6.264579296112060547e+00
8.522549867630004883e-01
-3.841390848159790039e+00
2.870381355285644531e+00
-9.204732775688171387e-01
2.947555541992187500e+00
-2.665131092071533203e+00
1.549758911132812500e+00
-4.339320182800292969e+00
-5.144938945770263672e+00
